				Name				Real [s]	User [s]	System [s]	
                           create_table2:		       0.000000	       0.000000	       0.000000	
                              wc_files1L:		       0.030000	       0.000000	       0.000000	
                           create_table2:		       0.000000	       0.000000	       0.000000	
                              wc_files1L:		       0.020000	       0.000000	       0.000000	
                           create_table4:		       0.000000	       0.000000	       0.000000	
                              wc_files2S:		       0.030000	       0.000000	       0.000000	
                              wc_files4S:		       0.030000	       0.000000	       0.000000	
                          remove_blocks1:		       0.000000	       0.000000	       0.000000	
                          remove_blocks2:		       0.000000	       0.000000	       0.000000	
                          wc_files2L2M2S:		       0.070000	       0.000000	       0.000000	
                           create_block2:		       0.000000	       0.000000	       0.000000	
